# # Matsumoto+2019 Parker dispersion (half-domain y>=0, B-parity, node-count tracking)
# # columns: kx(=kxH0)   sigma_real(selected)   nodes(vy)   sigma_imag(selected)
# # params: g0=1.47, Hg=5.0, T0=1.0, T1=25.0, y0=10.0, Ht=0.5, beta0=10, gamma=1.05, N=201, y_max=47.12388980384689
# # midplane parity (B-family): vx(0)=0, p1(0)=0, rho1(0)=0, vy'(0)=0, a'(0)=0
# # top BC: neumann
# # tracking: nodes_target=0, imag_tol=1e-07, vy_rel_thresh=1e-06
# 
0.0000000000e+00 0.0000000000e+00 0.0000000000e+00 0.0000000000e+00
7.9365079365e-03 1.9309618463e-03 0.0000000000e+00 3.8043382331e-10
1.5873015873e-02 3.8556662308e-03 0.0000000000e+00 1.5295708564e-09
2.3809523810e-02 5.7678522665e-03 0.0000000000e+00 7.0358088678e-10
3.1746031746e-02 7.6612907973e-03 0.0000000000e+00 -2.2709829643e-10
3.9682539683e-02 9.5297536124e-03 0.0000000000e+00 -5.9792061100e-10
4.7619047619e-02 1.1367047447e-02 0.0000000000e+00 -1.2882511069e-10
5.5555555556e-02 1.3166989280e-02 0.0000000000e+00 3.0149760197e-10
6.3492063492e-02 1.4923426978e-02 0.0000000000e+00 3.4678950891e-10
7.1428571429e-02 1.6630226274e-02 0.0000000000e+00 -3.7337558009e-13
7.9365079365e-02 1.8281264124e-02 0.0000000000e+00 1.3627587451e-10
8.7301587302e-02 1.9870418218e-02 0.0000000000e+00 -2.7023332568e-11
9.5238095238e-02 2.1391551194e-02 0.0000000000e+00 1.9792224485e-11
1.0317460317e-01 2.2838488460e-02 0.0000000000e+00 2.5618946490e-11
1.1111111111e-01 2.4204990152e-02 0.0000000000e+00 -4.1873203810e-12
1.1904761905e-01 2.5484715031e-02 0.0000000000e+00 7.9017089071e-11
1.2698412698e-01 2.6671174267e-02 0.0000000000e+00 -8.5739985373e-11
1.3492063492e-01 2.7757674897e-02 0.0000000000e+00 -5.8421573151e-12
1.4285714286e-01 2.8737248354e-02 0.0000000000e+00 -7.3766356108e-12
1.5079365079e-01 2.9602559696e-02 0.0000000000e+00 7.9666056183e-12
1.5873015873e-01 3.0345792947e-02 0.0000000000e+00 1.3148978363e-09
1.6666666667e-01 3.0958515909e-02 0.0000000000e+00 1.4721982510e-11
1.7460317460e-01 3.1431474606e-02 0.0000000000e+00 9.3872479506e-12
1.8253968254e-01 3.1754368124e-02 0.0000000000e+00 -3.3598402140e-11
1.9047619048e-01 3.1915511386e-02 0.0000000000e+00 8.0560168881e-11
1.9841269841e-01 3.1901394074e-02 0.0000000000e+00 -1.2840674026e-10
2.0634920635e-01 3.1696054815e-02 0.0000000000e+00 5.3725964100e-12
2.1428571429e-01 3.1280179941e-02 0.0000000000e+00 2.5786187426e-12
2.2222222222e-01 3.0629755942e-02 0.0000000000e+00 1.0586896517e-10
2.3015873016e-01 2.9713955756e-02 0.0000000000e+00 1.6422887710e-10
2.3809523810e-01 2.8491652825e-02 0.0000000000e+00 5.2491867464e-11
2.4603174603e-01 2.6905241214e-02 0.0000000000e+00 -1.3060209415e-10
2.5396825397e-01 2.4868656204e-02 0.0000000000e+00 1.5048519119e-10
2.6190476190e-01 2.2240946017e-02 0.0000000000e+00 6.6992241552e-11
2.6984126984e-01 1.8755439057e-02 0.0000000000e+00 -9.3733918083e-11
2.7777777778e-01 1.3749562143e-02 0.0000000000e+00 8.0663942709e-14
2.8571428571e-01 2.4137258447e-03 0.0000000000e+00 6.4993895761e-11
2.9365079365e-01 0.0000000000e+00 6.0000000000e+00 0.0000000000e+00
