# # Matsumoto+2019 Parker dispersion (half-domain y>=0, B-parity, node-count tracking)
# # columns: kx(=kxH0)   sigma_real(selected)   nodes(vy)   sigma_imag(selected)
# # params: g0=1.47, Hg=5.0, T0=1.0, T1=25.0, y0=10.0, Ht=0.5, beta0=1, gamma=1.4, N=201, y_max=47.12388980384689
# # midplane parity (B-family): vx(0)=0, p1(0)=0, rho1(0)=0, vy'(0)=0, a'(0)=0
# # top BC: neumann
# # tracking: nodes_target=0, imag_tol=1e-07, vy_rel_thresh=1e-06
# 
0.0000000000e+00 0.0000000000e+00 0.0000000000e+00 0.0000000000e+00
7.9365079365e-03 5.8347808674e-03 0.0000000000e+00 1.4319805459e-11
1.5873015873e-02 1.1643875063e-02 0.0000000000e+00 -1.9991458996e-11
2.3809523810e-02 1.7402689204e-02 0.0000000000e+00 7.8139948826e-13
3.1746031746e-02 2.3087915056e-02 0.0000000000e+00 -1.0981210396e-11
3.9682539683e-02 2.8677265939e-02 0.0000000000e+00 6.8109245209e-12
4.7619047619e-02 3.4149365002e-02 0.0000000000e+00 2.0539703773e-11
5.5555555556e-02 3.9483832983e-02 0.0000000000e+00 1.3142236461e-13
6.3492063492e-02 4.4661428268e-02 0.0000000000e+00 -1.3500545339e-11
7.1428571429e-02 4.9664152802e-02 0.0000000000e+00 -5.1141642250e-10
7.9365079365e-02 5.4475297941e-02 0.0000000000e+00 2.0578743749e-09
8.7301587302e-02 5.9079443592e-02 0.0000000000e+00 2.4925550649e-13
9.5238095238e-02 6.3462401149e-02 0.0000000000e+00 -3.6132175270e-11
1.0317460317e-01 6.7611129005e-02 0.0000000000e+00 -2.0320412733e-12
1.1111111111e-01 7.1513614322e-02 0.0000000000e+00 3.2161461053e-11
1.1904761905e-01 7.5158733063e-02 0.0000000000e+00 -5.6357639709e-11
1.2698412698e-01 7.8536090938e-02 0.0000000000e+00 -4.7879071141e-11
1.3492063492e-01 8.1635849502e-02 0.0000000000e+00 1.5499444947e-10
1.4285714286e-01 8.4448538347e-02 0.0000000000e+00 -1.3501040996e-10
1.5079365079e-01 8.6964853559e-02 0.0000000000e+00 1.1465318123e-11
1.5873015873e-01 8.9175442286e-02 0.0000000000e+00 -1.8214762835e-11
1.6666666667e-01 9.1070666980e-02 0.0000000000e+00 -1.0047353045e-10
1.7460317460e-01 9.2640347173e-02 0.0000000000e+00 -1.1725299159e-10
1.8253968254e-01 9.3873465613e-02 0.0000000000e+00 3.1330898966e-11
1.9047619048e-01 9.4757830924e-02 0.0000000000e+00 -4.0187815318e-11
1.9841269841e-01 9.5279672743e-02 0.0000000000e+00 2.2172616186e-11
2.0634920635e-01 9.5423148351e-02 0.0000000000e+00 1.1958504058e-10
2.1428571429e-01 9.5169716811e-02 0.0000000000e+00 -7.5790731610e-11
2.2222222222e-01 9.4497327354e-02 0.0000000000e+00 -5.8061545468e-11
2.3015873016e-01 9.3379328187e-02 0.0000000000e+00 -5.7315243575e-11
2.3809523810e-01 9.1782958936e-02 0.0000000000e+00 4.2972893024e-12
2.4603174603e-01 8.9667190032e-02 0.0000000000e+00 2.8051438259e-11
2.5396825397e-01 8.6979509791e-02 0.0000000000e+00 9.2060132453e-13
2.6190476190e-01 8.3650927152e-02 0.0000000000e+00 1.0118793730e-11
2.6984126984e-01 7.9587777670e-02 0.0000000000e+00 6.0942340558e-11
2.7777777778e-01 7.4657354516e-02 0.0000000000e+00 -1.7723215889e-11
2.8571428571e-01 6.8660414144e-02 0.0000000000e+00 -1.9152309453e-12
2.9365079365e-01 6.1271815115e-02 0.0000000000e+00 4.0268558268e-11
3.0158730159e-01 5.1886919530e-02 0.0000000000e+00 -1.3391171741e-10
3.0952380952e-01 3.9077285389e-02 0.0000000000e+00 -1.4668809889e-11
3.1746031746e-01 1.6045201748e-02 0.0000000000e+00 -3.4461954307e-12
3.2539682540e-01 0.0000000000e+00 1.0000000000e+00 0.0000000000e+00
