# # Matsumoto+2019 Parker dispersion (half-domain y>=0, B-parity, node-count tracking)
# # columns: kx(=kxH0)   sigma_real(selected)   nodes(vy)   sigma_imag(selected)
# # params: g0=1.47, Hg=5.0, T0=1.0, T1=25.0, y0=10.0, Ht=0.5, beta0=1, gamma=1.0, N=201, y_max=47.12388980384689
# # midplane parity (B-family): vx(0)=0, p1(0)=0, rho1(0)=0, vy'(0)=0, a'(0)=0
# # top BC: neumann
# # tracking: nodes_target=0, imag_tol=1e-07, vy_rel_thresh=1e-06
# 
0.0000000000e+00 0.0000000000e+00 0.0000000000e+00 0.0000000000e+00
7.9365079365e-03 9.1047189118e-03 0.0000000000e+00 -4.4052589913e-12
1.5873015873e-02 1.8148372893e-02 0.0000000000e+00 -1.1695207040e-12
2.3809523810e-02 2.7085042411e-02 0.0000000000e+00 3.7241169117e-12
3.1746031746e-02 3.5881121766e-02 0.0000000000e+00 2.7431550270e-12
3.9682539683e-02 4.4507192009e-02 0.0000000000e+00 1.2395107515e-12
4.7619047619e-02 5.2935025520e-02 0.0000000000e+00 -5.3027905957e-12
5.5555555556e-02 6.1138024945e-02 0.0000000000e+00 1.0422513507e-12
6.3492063492e-02 6.9092217656e-02 0.0000000000e+00 -1.5625605197e-11
7.1428571429e-02 7.6776861761e-02 0.0000000000e+00 3.0013995228e-10
7.9365079365e-02 8.4174628072e-02 0.0000000000e+00 1.2990016352e-10
8.7301587302e-02 9.1271495085e-02 0.0000000000e+00 -7.3162324798e-12
9.5238095238e-02 9.8056485616e-02 0.0000000000e+00 4.8236564180e-13
1.0317460317e-01 1.0452132128e-01 0.0000000000e+00 -4.0093387462e-12
1.1111111111e-01 1.1066004762e-01 0.0000000000e+00 1.0503189207e-11
1.1904761905e-01 1.1646865969e-01 0.0000000000e+00 1.0333910287e-11
1.2698412698e-01 1.2194474607e-01 0.0000000000e+00 -3.9075782216e-12
1.3492063492e-01 1.2708716121e-01 0.0000000000e+00 4.2305468906e-11
1.4285714286e-01 1.3189573060e-01 0.0000000000e+00 -3.8032284253e-12
1.5079365079e-01 1.3637098918e-01 0.0000000000e+00 3.0790370171e-12
1.5873015873e-01 1.4051395233e-01 0.0000000000e+00 1.1039215283e-11
1.6666666667e-01 1.4432591598e-01 0.0000000000e+00 4.9596519119e-12
1.7460317460e-01 1.4780828288e-01 0.0000000000e+00 1.2075513813e-12
1.8253968254e-01 1.5096241049e-01 0.0000000000e+00 -1.0160230534e-11
1.9047619048e-01 1.5378947706e-01 0.0000000000e+00 1.1560928372e-13
1.9841269841e-01 1.5629036154e-01 0.0000000000e+00 -2.7754241322e-12
2.0634920635e-01 1.5846553336e-01 0.0000000000e+00 3.7239223127e-12
2.1428571429e-01 1.6031494847e-01 0.0000000000e+00 1.6973790822e-12
2.2222222222e-01 1.6183794755e-01 0.0000000000e+00 -9.6412652863e-14
2.3015873016e-01 1.6303315260e-01 0.0000000000e+00 4.3259475535e-13
2.3809523810e-01 1.6389835771e-01 0.0000000000e+00 -1.2350787037e-12
2.4603174603e-01 1.6443040950e-01 0.0000000000e+00 -2.0602152521e-12
2.5396825397e-01 1.6462507183e-01 0.0000000000e+00 -4.5606752591e-12
2.6190476190e-01 1.6447686859e-01 0.0000000000e+00 3.3882486711e-12
2.6984126984e-01 1.6397889655e-01 0.0000000000e+00 -9.1719649074e-12
2.7777777778e-01 1.6312259832e-01 0.0000000000e+00 3.4546365026e-12
2.8571428571e-01 1.6189748177e-01 0.0000000000e+00 -3.0276471621e-12
2.9365079365e-01 1.6029076779e-01 0.0000000000e+00 1.6922112001e-12
3.0158730159e-01 1.5828694127e-01 0.0000000000e+00 -3.1280204607e-12
3.0952380952e-01 1.5586716861e-01 0.0000000000e+00 -2.9226017860e-12
3.1746031746e-01 1.5300852988e-01 0.0000000000e+00 -1.8481217300e-12
3.2539682540e-01 1.4968298612e-01 0.0000000000e+00 4.2434060008e-12
3.3333333333e-01 1.4585596075e-01 0.0000000000e+00 -5.8064704573e-13
3.4126984127e-01 1.4148434113e-01 0.0000000000e+00 -4.0204810867e-12
3.4920634921e-01 1.3651358063e-01 0.0000000000e+00 1.6794342327e-12
3.5714285714e-01 1.3087334748e-01 0.0000000000e+00 -4.0955707328e-12
3.6507936508e-01 1.2447071201e-01 0.0000000000e+00 7.2619085874e-12
3.7301587302e-01 1.1717890995e-01 0.0000000000e+00 -4.6024115115e-13
3.8095238095e-01 1.0881754389e-01 0.0000000000e+00 1.3810287593e-12
3.8888888889e-01 9.9114518454e-02 0.0000000000e+00 -2.0532590724e-11
3.9682539683e-01 8.7623437251e-02 0.0000000000e+00 -2.7182598013e-12
4.0476190476e-01 7.3508526432e-02 0.0000000000e+00 -3.4917527139e-12
4.1269841270e-01 5.4775276358e-02 0.0000000000e+00 -3.0025415817e-12
4.2063492063e-01 2.1635683703e-02 0.0000000000e+00 -9.2293506985e-13
4.2857142857e-01 0.0000000000e+00 9.0000000000e+00 0.0000000000e+00
